500000000.0 6.801811218261719 1.3451271057128906 -1.2658811807632446 -21.76246452331543 110.04473876953125 0.0
500000000.0 -2.8848190307617188 2.7866668701171875 0.6482657790184021 -63.272850036621094 -65.50145721435547 0.0
500000000.0 2.9251251220703125 2.679840087890625 0.647994339466095 -61.158931732177734 66.75680541992188 0.0
500000000.0 3.9696502685546875 0.651275634765625 -1.0251679420471191 -14.755975723266602 89.94052124023438 0.0
500000000.0 -0.6258010864257812 6.95244026184082 0.2722572684288025 -112.03186798095703 -10.084196090698242 0.0
500000000.0 -0.0379791259765625 0.7672615051269531 -0.38878923654556274 -42.78978729248047 -2.1180806159973145 0.0
500000000.0 -1.0295028686523438 12.354570388793945 1.496217966079712 -134.2133331298828 -11.18398666381836 0.0
500000000.0 -8.686546325683594 15.272924423217773 1.079738974571228 -127.51431274414062 -72.52435302734375 0.0
500000000.0 -1.976409912109375 5.553020477294922 1.9634767770767212 -99.63084411621094 -35.460243225097656 0.0
500000000.0 2.609222412109375 7.024406433105469 -1.0464047193527222 -108.04299926757812 40.13267135620117 0.0
500000000.0 10.688667297363281 2.011608123779297 2.493034839630127 -24.004140853881836 127.5458755493164 0.0
500000000.0 -0.5521011352539062 -5.256916046142578 -0.005021087825298309 100.9145736694336 -10.598445892333984 0.0
500000000.0 12.617340087890625 -10.097946166992188 -1.2775572538375854 89.98094940185547 112.43080139160156 0.0
500000000.0 3.2505569458007812 -0.3797035217285156 -0.33270400762557983 9.70757007598877 83.10457611083984 0.0
500000000.0 -8.659049987792969 1.8559112548828125 -0.7316887974739075 -25.531511306762695 -119.12122344970703 0.0
500000000.0 -1.8635101318359375 4.7591400146484375 1.1420347690582275 -93.34851837158203 -36.55197525024414 0.0
500000000.0 -2.0706405639648438 -17.38947296142578 -1.6931195259094238 145.5520782470703 -17.33155059814453 0.0
500000000.0 2.5484542846679688 -0.14593887329101562 -1.2896708250045776 4.29865837097168 75.06550598144531 0.0
500000000.0 -3.8411636352539062 18.08492660522461 0.33691099286079407 -144.98890686035156 -30.795055389404297 0.0
500000000.0 4.779411315917969 22.96035385131836 -0.7853955030441284 -151.60476684570312 31.557945251464844 0.0
500000000.0 2.7820663452148438 9.824949264526367 1.5353535413742065 -122.59835052490234 34.715370178222656 0.0
500000000.0 6.0102996826171875 4.530818939208984 -0.8976829051971436 -69.45926666259766 92.14028930664062 0.0
500000000.0 -10.642295837402344 9.39488410949707 0.4507960081100464 -92.361328125 -104.62467956542969 0.0
500000000.0 4.289680480957031 -6.793521881103516 1.3145581483840942 99.77627563476562 63.00246047973633 0.0
500000000.0 15.592979431152344 2.8288230895996094 -1.1883831024169922 -25.58148765563965 141.00970458984375 0.0
500000000.0 15.315200805664062 16.47117805480957 0.3505117893218994 -112.63027954101562 104.72567749023438 0.0
500000000.0 -5.494728088378906 8.649965286254883 -3.0608139038085938 -107.61508178710938 -68.36046600341797 0.0
500000000.0 -14.364471435546875 -2.490509033203125 0.6369878649711609 23.99591064453125 -138.40115356445312 0.0
500000000.0 0.03005218505859375 -2.2860450744628906 -0.5122805237770081 71.51109313964844 0.9400778412818909 0.0
500000000.0 9.603096008300781 0.12302780151367188 -0.683247983455658 -1.6015077829360962 125.00797271728516 0.0
500000000.0 -8.337257385253906 -4.634223937988281 0.099956214427948 60.58489990234375 -108.99608612060547 0.0
500000000.0 -25.640792846679688 38.42502212524414 -0.24481797218322754 -137.46511840820312 -91.72967529296875 0.0
500000000.0 -1.7996292114257812 2.0246353149414062 -0.820040762424469 -57.5478515625 -51.15232467651367 0.0
500000000.0 -13.009193420410156 0.6925582885742188 1.0957567691802979 -7.255737781524658 -136.29347229003906 0.0
500000000.0 11.405921936035156 -2.3106231689453125 1.8905664682388306 26.27348518371582 129.69378662109375 0.0
500000000.0 -26.588134765625 11.485940933227539 1.0470253229141235 -63.26353073120117 -146.44500732421875 0.0
500000000.0 6.593742370605469 -3.2849693298339844 -2.539480447769165 51.07399368286133 102.5181655883789 0.0
500000000.0 -7.1863555908203125 -2.551807403564453 -0.3319128453731537 38.78839874267578 -109.23518371582031 0.0
500000000.0 -2.25726318359375 -9.458072662353516 -1.840321660041809 122.07354736328125 -29.13407325744629 0.0
500000000.0 4.164115905761719 3.2512130737304688 -0.2663513720035553 -62.461883544921875 80.00045776367188 0.0
500000000.0 -6.499549865722656 4.752044677734375 0.4855484962463379 -69.71735382080078 -95.3551025390625 0.0
500000000.0 5.250518798828125 -1.7936248779296875 0.3352450132369995 33.398780822753906 97.76908874511719 0.0
500000000.0 -13.835006713867188 14.168863296508789 -0.6584610939025879 -107.53056335449219 -104.9968490600586 0.0
500000000.0 -11.515396118164062 25.483863830566406 -0.03359261527657509 -144.7359161376953 -65.40184020996094 0.0
500000000.0 3.283203125 -6.249855041503906 -0.4004354774951935 99.86508178710938 52.461639404296875 0.0
500000000.0 11.770164489746094 -16.646469116210938 0.8579159379005432 123.37533569335938 87.23467254638672 0.0
500000000.0 -1.7164459228515625 1.1353302001953125 -1.050293207168579 -37.60919189453125 -56.85939025878906 0.0
500000000.0 -0.938812255859375 -7.228549957275391 0.6850472688674927 113.13286590576172 -14.693221092224121 0.0
500000000.0 -5.455039978027344 10.276300430297852 -0.5844795107841492 -116.8971939086914 -62.053375244140625 0.0
500000000.0 -12.035652160644531 10.272953033447266 -0.6345413327217102 -93.02320098876953 -108.98470306396484 0.0
500000000.0 -5.990898132324219 1.7029991149902344 -0.12232503294944763 -29.493167877197266 -103.75267028808594 0.0
500000000.0 -11.033943176269531 -7.165657043457031 -1.6015756130218506 74.5352783203125 -114.77220153808594 0.0
500000000.0 -15.377456665039062 -13.252124786376953 1.2054541110992432 98.55297088623047 -114.35858917236328 0.0
500000000.0 -9.312583923339844 -0.5004196166992188 -1.5804457664489746 6.6456427574157715 -123.67241668701172 0.0
500000000.0 0.183074951171875 -12.712642669677734 0.8317782878875732 135.61651611328125 1.9530373811721802 0.0
500000000.0 -7.727149963378906 0.271820068359375 0.21528786420822144 -4.0961833000183105 -116.44355010986328 0.0
500000000.0 -1.051910400390625 7.633350372314453 0.2018883228302002 -115.24567413330078 -15.881400108337402 0.0
500000000.0 14.793220520019531 -4.240886688232422 -0.32629725337028503 39.218894958496094 136.80503845214844 0.0
500000000.0 -3.8298568725585938 -7.856143951416016 1.0924060344696045 108.99847412109375 -53.13658905029297 0.0
500000000.0 3.2347030639648438 7.669210433959961 1.2975832223892212 -110.02515411376953 46.40617752075195 0.0
500000000.0 5.976417541503906 4.503244400024414 0.5340752601623535 -69.32901000976562 92.00901794433594 0.0
500000000.0 -4.639137268066406 -16.58960723876953 -3.07659649848938 140.64108276367188 -39.329063415527344 0.0
500000000.0 -2.5726165771484375 -0.07404327392578125 -0.06625887006521225 2.1700758934020996 -75.39897155761719 0.0
500000000.0 0.34506988525390625 8.620912551879883 -0.46989884972572327 -120.67997741699219 4.830466270446777 0.0
500000000.0 -4.7559814453125 7.077028274536133 0.15455299615859985 -99.86873626708984 -67.1148681640625 0.0
500000000.0 -9.185905456542969 -5.0551910400390625 0.8902512788772583 61.90489959716797 -112.4888916015625 0.0
500000000.0 13.471290588378906 -1.1585121154785156 -0.35828280448913574 11.813390731811523 137.3673858642578 0.0
500000000.0 0.5578689575195312 -1.5318450927734375 -0.07393322885036469 57.85140609741211 21.06841468811035 0.0
500000000.0 -1.6365280151367188 -2.1810760498046875 0.866156816482544 61.80799102783203 -46.376441955566406 0.0
500000000.0 -10.412620544433594 4.978832244873047 0.3827959895133972 -56.9722900390625 -119.1506118774414 0.0
500000000.0 -1.0053482055664062 1.3564262390136719 0.10226773470640182 -50.02988815307617 -37.080867767333984 0.0
500000000.0 -1.7943267822265625 -11.263641357421875 0.9357491731643677 129.95127868652344 -20.701587677001953 0.0
500000000.0 -0.27191925048828125 7.341577529907227 1.4150302410125732 -114.35066986083984 -4.2353668212890625 0.0
500000000.0 -22.105270385742188 4.958406448364258 -0.29924651980400085 -33.69889450073242 -150.23443603515625 0.0
500000000.0 18.401039123535156 2.7546024322509766 0.49492084980010986 -21.97464370727539 146.79293823242188 0.0
500000000.0 7.795372009277344 -13.838859558105469 0.6575927734375 124.95348358154297 70.38580322265625 0.0
500000000.0 15.592979431152344 2.8288230895996094 -1.1883831024169922 -25.58148765563965 141.00970458984375 0.0
500000000.0 -14.87835693359375 13.291799545288086 0.9718993306159973 -100.27796936035156 -112.24754333496094 0.0
500000000.0 -5.993019104003906 3.265409469604492 0.17234349250793457 -53.36284637451172 -97.93705749511719 0.0
500000000.0 1.2076644897460938 -18.55120849609375 -0.1160632073879242 148.12115478515625 9.642555236816406 0.0
500000000.0 -1.4063034057617188 -1.7279167175292969 0.04888567700982094 54.79451370239258 -44.59572982788086 0.0
500000000.0 0.9406204223632812 -1.4592514038085938 -1.6048974990844727 53.08339309692383 34.21711349487305 0.0
500000000.0 -13.718429565429688 5.778459548950195 0.1473185122013092 -54.81435775756836 -130.1327667236328 0.0
500000000.0 0.7675628662109375 -2.2829017639160156 -0.7281885743141174 69.31253051757812 23.3044376373291 0.0
500000000.0 -1.0392990112304688 1.2944717407226562 -0.15543913841247559 -48.41403579711914 -38.87042236328125 0.0
500000000.0 -2.4403533935546875 -3.801616668701172 -0.19058609008789062 80.28468322753906 -51.536766052246094 0.0
500000000.0 -1.5940093994140625 0.8350563049316406 -0.6959011554718018 -29.73876190185547 -56.76726150512695 0.0
500000000.0 0.32915496826171875 -7.8175201416015625 -0.6604440212249756 116.85128784179688 4.920018672943115 0.0
500000000.0 -0.3188018798828125 6.063100814819336 0.08005822449922562 -106.813232421875 -5.616310119628906 0.0
500000000.0 17.008041381835938 6.442235946655273 -4.676114559173584 -52.3276252746582 138.1492919921875 0.0
500000000.0 1.8599624633789062 5.034296035766602 -0.6016817092895508 -95.71966552734375 35.36442184448242 0.0
500000000.0 -21.157119750976562 12.634445190429688 -1.0417654514312744 -80.01184844970703 -133.98452758789062 0.0
500000000.0 30.566322326660156 21.401172637939453 -0.006516118533909321 -93.75237274169922 133.9022674560547 0.0
500000000.0 -1.0818710327148438 -1.4238929748535156 0.5300624370574951 50.914363861083984 -38.684635162353516 0.0
500000000.0 3.2833251953125 -6.504894256591797 0.13277697563171387 101.8637466430664 51.41541290283203 0.0
500000000.0 2.7495574951171875 -4.695243835449219 0.6403487324714661 88.60084533691406 51.88509750366211 0.0
500000000.0 -17.424957275390625 1.8888282775878906 0.5663952827453613 -15.796223640441895 -145.7249298095703 0.0
500000000.0 19.225006103515625 -7.199802398681641 -1.2930705547332764 53.05868911743164 141.6781005859375 0.0
500000000.0 -1.9400787353515625 0.8919181823730469 0.6218942403793335 -28.98728370666504 -63.05244827270508 0.0
500000000.0 -0.3731231689453125 5.594259262084961 0.08986693620681763 -103.52328491210938 -6.904757022857666 0.0
