5000000000.0 12.144248962402344 6.986288070678711 -0.4925110340118408 -69.3816146850586 120.60590362548828 0.0
5000000000.0 9.977134704589844 -2.2180519104003906 -0.029289036989212036 27.66069221496582 124.42205047607422 0.0
5000000000.0 1.482452392578125 3.1589927673339844 -0.35318735241889954 -77.6717758178711 36.4498176574707 0.0
5000000000.0 -0.8896560668945312 -8.15585708618164 -1.5952974557876587 118.13162231445312 -12.88603687286377 0.0
5000000000.0 11.89984130859375 17.337596893310547 -0.21350541710853577 -125.28790283203125 85.99266052246094 0.0
5000000000.0 2.1983795166015625 3.8124141693115234 -1.4633733034133911 -81.89924621582031 47.226139068603516 0.0
5000000000.0 -9.8294677734375 2.683469772338867 0.10766983032226562 -33.51464080810547 -122.76316833496094 0.0
5000000000.0 -4.1507568359375 0.7400436401367188 -1.1217514276504517 -16.292694091796875 -91.38243865966797 0.0
5000000000.0 15.935615539550781 3.7419395446777344 2.4258551597595215 -33.0029296875 140.54794311523438 0.0
5000000000.0 8.910736083984375 8.028648376464844 -0.6414969563484192 -89.35124206542969 99.16805267333984 0.0
